CSV_BEGIN
r,K,N,sigmaOverP,isPer,gridSize,msSpectral,msGrid,ratio
2,4,1,0.0020,1,973,0.1807,0.9943,5.5022
2,4,1,0.0050,1,393,0.1100,0.4951,4.5008
2,4,1,0.0125,1,161,0.0663,0.2674,4.0308
2,4,1,0.0500,1,45,0.0516,0.1865,3.6126
2,4,1,0.2000,1,15,0.0421,0.1764,4.1911
2,4,2,0.0020,1,973,0.3371,4.6732,13.8621
2,4,2,0.0050,1,393,0.1760,1.6056,9.1250
2,4,2,0.0125,1,161,0.1200,0.7354,6.1285
2,4,2,0.0500,1,45,0.0745,0.3440,4.6175
2,4,2,0.2000,1,15,0.0676,0.2837,4.1973
2,4,4,0.0020,1,973,0.6760,17.5099,25.9022
2,4,4,0.0050,1,393,0.3161,7.5405,23.8530
2,4,4,0.0125,1,161,0.1827,3.1790,17.3951
2,4,4,0.0500,1,45,0.1167,1.1509,9.8650
2,4,4,0.2000,1,15,0.0988,0.8939,9.0485
2,4,8,0.0020,1,973,1.4523,72.9375,50.2223
2,4,8,0.0050,1,393,0.6353,29.9401,47.1282
2,4,8,0.0125,1,161,0.3554,15.2738,42.9742
2,4,8,0.0500,1,45,0.2048,4.0190,19.6250
2,4,8,0.2000,1,15,0.2038,2.8475,13.9699
2,4,16,0.0020,1,973,3.1201,301.3500,96.5827
2,4,16,0.0050,1,393,1.3220,119.6013,90.4700
2,4,16,0.0125,1,161,0.7008,55.6569,79.4200
2,4,16,0.0500,1,45,0.4620,18.6617,40.3969
2,4,16,0.2000,1,15,0.3244,12.8585,39.6407
2,8,1,0.0020,1,973,0.5285,4.9383,9.3446
2,8,1,0.0050,1,393,0.1920,1.6716,8.7062
2,8,1,0.0125,1,161,0.1108,0.7505,6.7718
2,8,1,0.0500,1,45,0.0689,0.4521,6.5604
2,8,1,0.2000,1,15,0.0486,0.2981,6.1303
2,8,2,0.0020,1,973,0.8873,19.4451,21.9161
2,8,2,0.0050,1,393,0.3569,7.5465,21.1436
2,8,2,0.0125,1,161,0.1837,2.7774,15.1186
2,8,2,0.0500,1,45,0.1038,0.9500,9.1493
2,8,2,0.2000,1,15,0.0677,0.8812,13.0221
2,8,4,0.0020,1,973,1.7512,72.7570,41.5477
2,8,4,0.0050,1,393,0.7360,29.3081,39.8208
2,8,4,0.0125,1,161,0.3558,12.5848,35.3755
2,8,4,0.0500,1,45,0.1921,3.6755,19.1306
2,8,4,0.2000,1,15,0.1308,2.9928,22.8752
2,8,8,0.0020,1,973,3.5570,279.6607,78.6226
2,8,8,0.0050,1,393,1.2252,116.8915,95.4087
2,8,8,0.0125,1,161,0.6643,50.0898,75.4033
2,8,8,0.0500,1,45,0.3510,16.0873,45.8382
2,8,8,0.2000,1,15,0.1970,11.2489,57.0890
2,8,16,0.0020,1,973,6.6767,1129.5790,169.1810
2,8,16,0.0050,1,393,2.9023,475.0677,163.6894
2,8,16,0.0125,1,161,1.3187,205.1347,155.5574
2,8,16,0.0500,1,45,0.6523,69.5048,106.5479
2,8,16,0.2000,1,15,0.3755,46.4853,123.7957
2,16,1,0.0020,1,973,0.7480,13.3304,17.8214
2,16,1,0.0050,1,393,0.4420,5.7000,12.8948
2,16,1,0.0125,1,161,0.2432,2.2612,9.2972
2,16,1,0.0500,1,45,0.0747,0.8613,11.5292
2,16,1,0.2000,1,15,0.0496,0.9104,18.3459
2,16,2,0.0020,1,973,1.4188,54.5020,38.4155
2,16,2,0.0050,1,393,0.7357,22.3707,30.4088
2,16,2,0.0125,1,161,0.3493,9.7632,27.9515
2,16,2,0.0500,1,45,0.1361,3.0988,22.7646
2,16,2,0.2000,1,15,0.0762,2.4296,31.8991
2,16,4,0.0020,1,973,2.7189,207.5994,76.3538
2,16,4,0.0050,1,393,1.4678,87.3706,59.5253
2,16,4,0.0125,1,161,0.5294,38.1977,72.1506
2,16,4,0.0500,1,45,0.2422,15.1361,62.5031
2,16,4,0.2000,1,15,0.1461,10.0894,69.0465
2,16,8,0.0020,1,973,5.2399,821.5421,156.7866
2,16,8,0.0050,1,393,2.9958,359.2324,119.9107
2,16,8,0.0125,1,161,1.2556,150.0252,119.4825
2,16,8,0.0500,1,45,0.4393,54.9560,125.0897
2,16,8,0.2000,1,15,0.2309,39.2851,170.1575
2,16,16,0.0020,1,973,9.9122,3290.0768,331.9231
2,16,16,0.0050,1,393,5.7603,1398.6173,242.8032
2,16,16,0.0125,1,161,2.3198,605.4304,260.9848
2,16,16,0.0500,1,45,0.8451,223.2897,264.2091
2,16,16,0.2000,1,15,0.4232,162.5812,384.2011
2,30,1,0.0020,1,973,1.3037,41.4589,31.8018
2,30,1,0.0050,1,393,0.6361,18.1130,28.4758
2,30,1,0.0125,1,161,0.3953,8.2054,20.7601
2,30,1,0.0500,1,45,0.0975,2.4103,24.7214
2,30,1,0.2000,1,15,0.0684,1.9409,28.3857
2,30,2,0.0020,1,973,2.2897,146.4444,63.9577
2,30,2,0.0050,1,393,1.1311,62.9138,55.6205
2,30,2,0.0125,1,161,0.7226,26.6896,36.9364
2,30,2,0.0500,1,45,0.1750,10.7579,61.4592
2,30,2,0.2000,1,15,0.0871,7.9648,91.4626
2,30,4,0.0020,1,973,4.2572,575.6201,135.2107
2,30,4,0.0050,1,393,2.0995,285.2596,135.8675
2,30,4,0.0125,1,161,1.2404,111.6136,89.9807
2,30,4,0.0500,1,45,0.3269,46.1486,141.1813
2,30,4,0.2000,1,15,0.1492,30.5835,205.0288
2,30,8,0.0020,1,973,8.3053,3032.2421,365.0976
2,30,8,0.0050,1,393,4.4928,1045.0086,232.5989
2,30,8,0.0125,1,161,2.2484,444.3196,197.6181
2,30,8,0.0500,1,45,0.6408,180.1375,281.0990
2,30,8,0.2000,1,15,0.2740,129.3630,472.1276
2,30,16,0.0020,1,973,17.2505,10086.9951,584.7350
2,30,16,0.0050,1,393,8.2608,4653.8499,563.3689
2,30,16,0.0125,1,161,4.5067,1904.6334,422.6219
2,30,16,0.0500,1,45,1.2119,742.1922,612.4117
2,30,16,0.2000,1,15,0.5317,523.7141,984.9657
3,4,1,0.0020,1,946729,4.3977,4.1188,0.9366
3,4,1,0.0050,1,154449,1.9627,1.9946,1.0162
3,4,1,0.0125,1,25921,0.8585,0.9754,1.1361
3,4,1,0.0500,1,2025,0.1138,0.4568,4.0158
3,4,1,0.2000,1,225,0.0812,0.4173,5.1412
3,4,2,0.0020,1,946729,16.4250,16.5394,1.0070
3,4,2,0.0050,1,154449,5.1639,5.5141,1.0678
3,4,2,0.0125,1,25921,1.2297,2.5238,2.0523
3,4,2,0.0500,1,2025,0.1637,0.8342,5.0957
3,4,2,0.2000,1,225,0.1135,0.6039,5.3205
3,4,4,0.0020,1,946729,57.4299,58.8567,1.0248
3,4,4,0.0050,1,154449,8.2084,22.7814,2.7754
3,4,4,0.0125,1,25921,1.6745,11.1583,6.6635
3,4,4,0.0500,1,2025,0.2857,3.5304,12.3549
3,4,4,0.2000,1,225,0.1722,1.7170,9.9726
3,4,8,0.0020,1,946729,91.5676,261.5914,2.8568
3,4,8,0.0050,1,154449,14.3640,104.4844,7.2740
3,4,8,0.0125,1,25921,3.4634,47.1637,13.6177
3,4,8,0.0500,1,2025,0.7577,13.8642,18.2975
3,4,8,0.2000,1,225,0.3230,6.5272,20.2105
3,4,16,0.0020,1,946729,182.0770,1052.3752,5.7798
3,4,16,0.0050,1,154449,25.7338,438.3796,17.0352
3,4,16,0.0125,1,25921,5.8474,185.8440,31.7825
3,4,16,0.0500,1,2025,1.1916,52.0677,43.6962
3,4,16,0.2000,1,225,0.6108,28.5582,46.7561
3,8,1,0.0020,1,946729,14.4617,14.4630,1.0001
3,8,1,0.0050,1,154449,3.8629,5.9285,1.5347
3,8,1,0.0125,1,25921,1.2872,3.2645,2.5361
3,8,1,0.0500,1,2025,0.1451,1.1292,7.7809
3,8,1,0.2000,1,225,0.0772,0.5456,7.0703
3,8,2,0.0020,1,946729,58.7277,61.9943,1.0556
3,8,2,0.0050,1,154449,5.5494,23.1708,4.1754
3,8,2,0.0125,1,25921,1.7055,8.6158,5.0517
3,8,2,0.0500,1,2025,0.2258,2.7998,12.4020
3,8,2,0.2000,1,225,0.1185,2.1594,18.2290
3,8,4,0.0020,1,946729,49.7788,233.9718,4.7002
3,8,4,0.0050,1,154449,8.6594,93.1939,10.7621
3,8,4,0.0125,1,25921,2.8385,39.3228,13.8534
3,8,4,0.0500,1,2025,0.4088,10.5353,25.7693
3,8,4,0.2000,1,225,0.1921,7.0956,36.9404
3,8,8,0.0020,1,946729,100.4807,939.8558,9.3536
3,8,8,0.0050,1,154449,15.1431,385.5542,25.4607
3,8,8,0.0125,1,25921,3.8794,160.9892,41.4983
3,8,8,0.0500,1,2025,0.8795,44.3487,50.4249
3,8,8,0.2000,1,225,0.3466,22.5841,65.1542
3,8,16,0.0020,1,946729,199.8551,3763.3738,18.8305
3,8,16,0.0050,1,154449,26.0140,1551.4231,59.6379
3,8,16,0.0125,1,25921,6.2802,650.0776,103.5121
3,8,16,0.0500,1,2025,1.6277,186.1308,114.3544
3,8,16,0.2000,1,225,0.6570,93.8645,142.8684
3,16,1,0.0020,1,946729,41.6422,42.6245,1.0236
3,16,1,0.0050,1,154449,3.9828,17.9704,4.5120
3,16,1,0.0125,1,25921,1.1834,6.8342,5.7750
3,16,1,0.0500,1,2025,0.1665,2.7719,16.6521
3,16,1,0.2000,1,225,0.0834,2.1136,25.3381
3,16,2,0.0020,1,946729,34.8662,170.6492,4.8944
3,16,2,0.0050,1,154449,6.2960,67.6132,10.7390
3,16,2,0.0125,1,25921,1.9730,28.7682,14.5813
3,16,2,0.0500,1,2025,0.2638,8.4106,31.8885
3,16,2,0.2000,1,225,0.1303,4.6965,36.0576
3,16,4,0.0020,1,946729,51.7152,660.7549,12.7768
3,16,4,0.0050,1,154449,9.7395,280.8826,28.8394
3,16,4,0.0125,1,25921,3.2226,118.1394,36.6594
3,16,4,0.0500,1,2025,0.4639,36.6918,79.0985
3,16,4,0.2000,1,225,0.2120,18.5727,87.6243
3,16,8,0.0020,1,946729,83.4867,2702.4372,32.3697
3,16,8,0.0050,1,154449,16.6355,1180.4158,70.9575
3,16,8,0.0125,1,25921,4.6397,466.5421,100.5542
3,16,8,0.0500,1,2025,1.0575,147.6232,139.5964
3,16,8,0.2000,1,225,0.4031,87.6620,217.4788
3,16,16,0.0020,1,946729,235.1147,11211.4238,47.6849
3,16,16,0.0050,1,154449,29.3250,4430.1515,151.0706
3,16,16,0.0125,1,25921,8.4916,1825.9215,215.0272
3,16,16,0.0500,1,2025,1.9186,574.5986,299.4910
3,16,16,0.2000,1,225,0.7321,298.2132,407.3255
3,30,1,0.0020,1,946729,26.5345,115.3588,4.3475
3,30,1,0.0050,1,154449,4.4340,47.8828,10.7989
3,30,1,0.0125,1,25921,1.9374,19.7517,10.1949
3,30,1,0.0500,1,2025,0.1903,6.3022,33.1184
3,30,1,0.2000,1,225,0.0862,4.6516,53.9575
3,30,2,0.0020,1,946729,36.0676,442.6116,12.2717
3,30,2,0.0050,1,154449,7.2808,182.9709,25.1305
3,30,2,0.0125,1,25921,2.7122,76.1460,28.0757
3,30,2,0.0500,1,2025,0.3230,26.2463,81.2682
3,30,2,0.2000,1,225,0.1517,14.2689,94.0288
3,30,4,0.0020,1,946729,54.5280,1803.2315,33.0698
3,30,4,0.0050,1,154449,13.7680,768.9606,55.8513
3,30,4,0.0125,1,25921,4.4507,316.8936,71.2014
3,30,4,0.0500,1,2025,0.5797,108.4936,187.1519
3,30,4,0.2000,1,225,0.2497,54.5454,218.4368
3,30,8,0.0020,1,946729,109.9491,7569.2158,68.8429
3,30,8,0.0050,1,154449,19.3593,3090.6752,159.6478
3,30,8,0.0125,1,25921,12.4601,1365.9719,109.6278
3,30,8,0.0500,1,2025,1.2737,443.2068,347.9773
3,30,8,0.2000,1,225,0.4683,235.4899,502.8247
3,30,16,0.0020,1,946729,179.6210,30454.8222,169.5505
3,30,16,0.0050,1,154449,38.0956,12402.8213,325.5708
3,30,16,0.0125,1,25921,15.0320,5785.4188,384.8746
3,30,16,0.0500,1,2025,2.4141,1820.2808,754.0258
3,30,16,0.2000,1,225,0.8876,991.3364,1116.8942
4,4,1,0.0020,1,921167317,nan,nan,nan
4,4,1,0.0050,1,60698457,nan,nan,nan
4,4,1,0.0125,1,4173281,nan,nan,nan
4,4,1,0.0500,1,91125,1.6350,1.5940,0.9749
4,4,1,0.2000,1,3375,0.2032,1.4087,6.9323
4,4,2,0.0020,1,921167317,nan,nan,nan
4,4,2,0.0050,1,60698457,nan,nan,nan
4,4,2,0.0125,1,4173281,nan,nan,nan
4,4,2,0.0500,1,91125,4.3361,4.4826,1.0338
4,4,2,0.2000,1,3375,0.2807,1.9468,6.9354
4,4,4,0.0020,1,921167317,nan,nan,nan
4,4,4,0.0050,1,60698457,nan,nan,nan
4,4,4,0.0125,1,4173281,nan,nan,nan
4,4,4,0.0500,1,91125,6.1474,18.9937,3.0897
4,4,4,0.2000,1,3375,0.4665,5.3956,11.5651
4,4,8,0.0020,1,921167317,nan,nan,nan
4,4,8,0.0050,1,60698457,nan,nan,nan
4,4,8,0.0125,1,4173281,nan,nan,nan
4,4,8,0.0500,1,91125,9.5039,67.2435,7.0754
4,4,8,0.2000,1,3375,0.8713,30.4998,35.0052
4,4,16,0.0020,1,921167317,nan,nan,nan
4,4,16,0.0050,1,60698457,nan,nan,nan
4,4,16,0.0125,1,4173281,nan,nan,nan
4,4,16,0.0500,1,91125,19.3572,228.7543,11.8175
4,4,16,0.2000,1,3375,1.8040,107.9523,59.8419
4,8,1,0.0020,1,921167317,nan,nan,nan
4,8,1,0.0050,1,60698457,nan,nan,nan
4,8,1,0.0125,1,4173281,nan,nan,nan
4,8,1,0.0500,1,91125,2.7842,4.6039,1.6536
4,8,1,0.2000,1,3375,0.2068,1.7467,8.4465
4,8,2,0.0020,1,921167317,nan,nan,nan
4,8,2,0.0050,1,60698457,nan,nan,nan
4,8,2,0.0125,1,4173281,nan,nan,nan
4,8,2,0.0500,1,91125,5.7148,22.7489,3.9807
4,8,2,0.2000,1,3375,0.2936,7.7581,26.4257
4,8,4,0.0020,1,921167317,nan,nan,nan
4,8,4,0.0050,1,60698457,nan,nan,nan
4,8,4,0.0125,1,4173281,nan,nan,nan
4,8,4,0.0500,1,91125,7.3226,45.0533,6.1526
4,8,4,0.2000,1,3375,0.4630,28.8763,62.3678
4,8,8,0.0020,1,921167317,nan,nan,nan
4,8,8,0.0050,1,60698457,nan,nan,nan
4,8,8,0.0125,1,4173281,nan,nan,nan
4,8,8,0.0500,1,91125,11.5191,201.6694,17.5074
4,8,8,0.2000,1,3375,0.9879,80.1654,81.1459
4,8,16,0.0020,1,921167317,nan,nan,nan
4,8,16,0.0050,1,60698457,nan,nan,nan
4,8,16,0.0125,1,4173281,nan,nan,nan
4,8,16,0.0500,1,91125,17.8021,734.1460,41.2393
4,8,16,0.2000,1,3375,1.8974,288.0957,151.8357
4,16,1,0.0020,1,921167317,nan,nan,nan
4,16,1,0.0050,1,60698457,nan,nan,nan
4,16,1,0.0125,1,4173281,nan,nan,nan
4,16,1,0.0500,1,91125,2.8453,9.4308,3.3145
4,16,1,0.2000,1,3375,0.2087,5.1606,24.7265
4,16,2,0.0020,1,921167317,nan,nan,nan
4,16,2,0.0050,1,60698457,nan,nan,nan
4,16,2,0.0125,1,4173281,nan,nan,nan
4,16,2,0.0500,1,91125,4.1477,30.5205,7.3585
4,16,2,0.2000,1,3375,0.3150,12.9725,41.1882
4,16,4,0.0020,1,921167317,nan,nan,nan
4,16,4,0.0050,1,60698457,nan,nan,nan
4,16,4,0.0125,1,4173281,nan,nan,nan
4,16,4,0.0500,1,91125,6.0927,130.8674,21.4795
4,16,4,0.2000,1,3375,0.5056,53.2931,105.4093
4,16,8,0.0020,1,921167317,nan,nan,nan
4,16,8,0.0050,1,60698457,nan,nan,nan
4,16,8,0.0125,1,4173281,nan,nan,nan
4,16,8,0.0500,1,91125,9.8318,502.1559,51.0747
4,16,8,0.2000,1,3375,0.9175,204.1206,222.4849
4,16,16,0.0020,1,921167317,nan,nan,nan
4,16,16,0.0050,1,60698457,nan,nan,nan
4,16,16,0.0125,1,4173281,nan,nan,nan
4,16,16,0.0500,1,91125,18.2514,2069.2783,113.3766
4,16,16,0.2000,1,3375,2.0088,830.9180,413.6322
4,30,1,0.0020,1,921167317,nan,nan,nan
4,30,1,0.0050,1,60698457,nan,nan,nan
4,30,1,0.0125,1,4173281,nan,nan,nan
4,30,1,0.0500,1,91125,2.8315,23.0993,8.1580
4,30,1,0.2000,1,3375,0.2261,11.6735,51.6239
4,30,2,0.0020,1,921167317,nan,nan,nan
4,30,2,0.0050,1,60698457,nan,nan,nan
4,30,2,0.0125,1,4173281,nan,nan,nan
4,30,2,0.0500,1,91125,4.0955,87.9312,21.4700
4,30,2,0.2000,1,3375,0.3354,36.9857,110.2815
4,30,4,0.0020,1,921167317,nan,nan,nan
4,30,4,0.0050,1,60698457,nan,nan,nan
4,30,4,0.0125,1,4173281,nan,nan,nan
4,30,4,0.0500,1,91125,6.1102,357.9445,58.5818
4,30,4,0.2000,1,3375,0.5513,146.4396,265.6501
4,30,8,0.0020,1,921167317,nan,nan,nan
4,30,8,0.0050,1,60698457,nan,nan,nan
4,30,8,0.0125,1,4173281,nan,nan,nan
4,30,8,0.0500,1,91125,10.4754,1453.9891,138.8007
4,30,8,0.2000,1,3375,0.9954,613.8178,616.6699
4,30,16,0.0020,1,921167317,nan,nan,nan
4,30,16,0.0050,1,60698457,nan,nan,nan
4,30,16,0.0125,1,4173281,nan,nan,nan
4,30,16,0.0500,1,91125,19.3741,5810.8735,299.9302
4,30,16,0.2000,1,3375,2.0903,2458.1391,1175.9558
2,4,1,0.0020,0,1983,0.6600,0.6543,0.9914
2,4,1,0.0050,0,821,0.3326,0.2508,0.7542
2,4,1,0.0125,0,357,0.0862,0.4153,4.8155
2,4,1,0.0500,0,125,0.0622,0.1616,2.5992
2,4,1,0.2000,0,67,0.0567,0.1537,2.7125
2,4,2,0.0020,0,1983,1.3751,4.5008,3.2731
2,4,2,0.0050,0,821,0.3827,1.2239,3.1979
2,4,2,0.0125,0,357,0.1582,0.7768,4.9097
2,4,2,0.0500,0,125,0.1005,0.2528,2.5153
2,4,2,0.2000,0,67,0.0871,0.4836,5.5509
2,4,4,0.0020,0,1983,2.8732,13.6200,4.7403
2,4,4,0.0050,0,821,0.7751,8.2247,10.6108
2,4,4,0.0125,0,357,0.3070,2.8405,9.2538
2,4,4,0.0500,0,125,0.1719,0.9464,5.5048
2,4,4,0.2000,0,67,0.1484,0.6205,4.1811
2,4,8,0.0020,0,1983,4.3142,58.5608,13.5738
2,4,8,0.0050,0,821,1.2926,25.7190,19.8968
2,4,8,0.0125,0,357,0.6490,12.0060,18.4980
2,4,8,0.0500,0,125,0.3146,4.8171,15.3127
2,4,8,0.2000,0,67,0.2664,3.8462,14.4392
2,4,16,0.0020,0,1983,9.8946,204.7542,20.6935
2,4,16,0.0050,0,821,3.3506,86.9286,25.9443
2,4,16,0.0125,0,357,1.1924,41.1192,34.4851
2,4,16,0.0500,0,125,0.6139,15.6713,25.5285
2,4,16,0.2000,0,67,0.4791,7.9076,16.5043
2,8,1,0.0020,0,1983,0.9921,2.7654,2.7873
2,8,1,0.0050,0,821,0.8567,1.2817,1.4962
2,8,1,0.0125,0,357,0.4582,0.7734,1.6879
2,8,1,0.0500,0,125,0.1051,0.2334,2.2209
2,8,1,0.2000,0,67,0.0799,0.4749,5.9452
2,8,2,0.0020,0,1983,2.0051,10.8757,5.4239
2,8,2,0.0050,0,821,1.3799,4.0699,2.9494
2,8,2,0.0125,0,357,0.5012,1.8793,3.7497
2,8,2,0.0500,0,125,0.1649,0.9493,5.7562
2,8,2,0.2000,0,67,0.1231,0.5280,4.2883
2,8,4,0.0020,0,1983,3.5591,46.2530,12.9958
2,8,4,0.0050,0,821,2.7993,20.5375,7.3366
2,8,4,0.0125,0,357,0.7994,8.7624,10.9610
2,8,4,0.0500,0,125,0.3140,2.6292,8.3720
2,8,4,0.2000,0,67,0.2222,1.6021,7.2098
2,8,8,0.0020,0,1983,6.7165,184.3602,27.4489
2,8,8,0.0050,0,821,5.8200,76.1476,13.0839
2,8,8,0.0125,0,357,1.6868,36.5811,21.6863
2,8,8,0.0500,0,125,0.5789,13.2853,22.9503
2,8,8,0.2000,0,67,0.4118,5.8895,14.3037
2,8,16,0.0020,0,1983,13.5256,773.0067,57.1513
2,8,16,0.0050,0,821,9.3310,342.5791,36.7139
2,8,16,0.0125,0,357,3.4962,145.1344,41.5124
2,8,16,0.0500,0,125,1.1487,51.9498,45.2229
2,8,16,0.2000,0,67,0.7936,25.8026,32.5123
2,16,1,0.0020,0,1983,1.5933,8.5975,5.3959
2,16,1,0.0050,0,821,1.0152,3.8375,3.7800
2,16,1,0.0125,0,357,0.7973,1.5184,1.9044
2,16,1,0.0500,0,125,0.1303,0.7456,5.7209
2,16,1,0.2000,0,67,0.0995,0.6024,6.0540
2,16,2,0.0020,0,1983,3.2750,33.2115,10.1408
2,16,2,0.0050,0,821,1.5603,14.0905,9.0304
2,16,2,0.0125,0,357,1.3194,6.5092,4.9334
2,16,2,0.0500,0,125,0.2418,2.1277,8.7998
2,16,2,0.2000,0,67,0.1665,1.2009,7.2109
2,16,4,0.0020,0,1983,5.5177,131.3055,23.7969
2,16,4,0.0050,0,821,2.9287,56.3504,19.2410
2,16,4,0.0125,0,357,2.6075,25.3263,9.7127
2,16,4,0.0500,0,125,0.4393,9.0695,20.6438
2,16,4,0.2000,0,67,0.2943,4.7173,16.0271
2,16,8,0.0020,0,1983,10.6503,536.0454,50.3313
2,16,8,0.0050,0,821,5.8591,228.8924,39.0660
2,16,8,0.0125,0,357,3.9449,101.4101,25.7068
2,16,8,0.0500,0,125,0.8468,36.8043,43.4611
2,16,8,0.2000,0,67,0.5670,19.3433,34.1178
2,16,16,0.0020,0,1983,20.9450,2178.5197,104.0117
2,16,16,0.0050,0,821,11.3587,928.8373,81.7731
2,16,16,0.0125,0,357,8.9753,410.8787,45.7787
2,16,16,0.0500,0,125,1.6673,143.6865,86.1817
2,16,16,0.2000,0,67,1.0833,74.5209,68.7885
2,30,1,0.0020,0,1983,2.3683,23.5290,9.9352
2,30,1,0.0050,0,821,1.2283,10.2055,8.3084
2,30,1,0.0125,0,357,0.8042,4.5858,5.7020
2,30,1,0.0500,0,125,0.1855,1.4586,7.8630
2,30,1,0.2000,0,67,0.1271,1.8902,14.8686
2,30,2,0.0020,0,1983,4.6474,89.6591,19.2923
2,30,2,0.0050,0,821,2.2356,37.3162,16.6919
2,30,2,0.0125,0,357,1.4033,16.7886,11.9641
2,30,2,0.0500,0,125,0.3245,6.8253,21.0361
2,30,2,0.2000,0,67,0.2233,3.5447,15.8779
2,30,4,0.0020,0,1983,9.4748,364.5452,38.4753
2,30,4,0.0050,0,821,4.6065,154.8516,33.6162
2,30,4,0.0125,0,357,2.6040,67.9275,26.0862
2,30,4,0.0500,0,125,0.8383,24.8338,29.6242
2,30,4,0.2000,0,67,0.4119,13.7347,33.3434
2,30,8,0.0020,0,1983,18.0942,1457.7788,80.5660
2,30,8,0.0050,0,821,8.4530,629.9541,74.5243
2,30,8,0.0125,0,357,5.6231,275.2556,48.9506
2,30,8,0.0500,0,125,2.0518,102.4699,49.9417
2,30,8,0.2000,0,67,0.7991,52.6129,65.8416
2,30,16,0.0020,0,1983,35.9162,6032.1570,167.9508
2,30,16,0.0050,0,821,16.5764,2544.5011,153.5017
2,30,16,0.0125,0,357,9.7902,1138.9067,116.3312
2,30,16,0.0500,0,125,3.4697,405.3025,116.8131
2,30,16,0.2000,0,67,1.5499,219.4392,141.5851
3,4,1,0.0020,0,3932289,3.1298,2.7765,0.8871
3,4,1,0.0050,0,674041,0.8788,0.9037,1.0284
3,4,1,0.0125,0,127449,1.2318,0.9453,0.7674
3,4,1,0.0500,0,15625,0.4028,0.4198,1.0422
3,4,1,0.2000,0,4489,0.1386,0.4035,2.9107
3,4,2,0.0020,0,3932289,19.7991,18.2590,0.9222
3,4,2,0.0050,0,674041,8.8014,7.4305,0.8442
3,4,2,0.0125,0,127449,4.5502,3.5915,0.7893
3,4,2,0.0500,0,15625,1.1952,1.0503,0.8787
3,4,2,0.2000,0,4489,0.4558,1.2320,2.7033
3,4,4,0.0020,0,3932289,56.9076,56.7445,0.9971
3,4,4,0.0050,0,674041,25.7925,25.4639,0.9873
3,4,4,0.0125,0,127449,5.5321,11.8504,2.1421
3,4,4,0.0500,0,15625,1.1956,4.6982,3.9296
3,4,4,0.2000,0,4489,0.7447,2.7624,3.7094
3,4,8,0.0020,0,3932289,237.5026,245.3056,1.0329
3,4,8,0.0050,0,674041,55.2379,101.6112,1.8395
3,4,8,0.0125,0,127449,12.0782,46.8285,3.8771
3,4,8,0.0500,0,15625,1.8217,18.6001,10.2105
3,4,8,0.2000,0,4489,1.1300,9.4725,8.3824
3,4,16,0.0020,0,3932289,844.8989,869.9860,1.0297
3,4,16,0.0050,0,674041,94.6845,368.6410,3.8934
3,4,16,0.0125,0,127449,17.9790,165.6027,9.2109
3,4,16,0.0500,0,15625,3.5809,60.1830,16.8066
3,4,16,0.2000,0,4489,1.9766,30.6067,15.4846
3,8,1,0.0020,0,3932289,11.9440,10.5889,0.8865
3,8,1,0.0050,0,674041,4.9942,5.2882,1.0589
3,8,1,0.0125,0,127449,2.8600,2.8177,0.9852
3,8,1,0.0500,0,15625,0.7798,0.8447,1.0832
3,8,1,0.2000,0,4489,0.1913,1.1453,5.9861
3,8,2,0.0020,0,3932289,50.8841,50.3242,0.9890
3,8,2,0.0050,0,674041,19.5658,20.5890,1.0523
3,8,2,0.0125,0,127449,4.0125,7.7016,1.9194
3,8,2,0.0500,0,15625,1.2425,4.4930,3.6161
3,8,2,0.2000,0,4489,0.5200,1.7797,3.4222
3,8,4,0.0020,0,3932289,233.9613,257.3846,1.1001
3,8,4,0.0050,0,674041,55.2797,98.3390,1.7789
3,8,4,0.0125,0,127449,7.1288,36.1363,5.0691
3,8,4,0.0500,0,15625,1.7222,12.8107,7.4387
3,8,4,0.2000,0,4489,1.2374,7.1440,5.7735
3,8,8,0.0020,0,3932289,586.4783,880.9733,1.5021
3,8,8,0.0050,0,674041,58.8553,366.4076,6.2256
3,8,8,0.0125,0,127449,12.9627,148.1735,11.4308
3,8,8,0.0500,0,15625,2.0629,53.1895,25.7841
3,8,8,0.2000,0,4489,1.7363,25.1047,14.4591
3,8,16,0.0020,0,3932289,1049.0166,3899.2121,3.7170
3,8,16,0.0050,0,674041,148.0255,1486.3915,10.0415
3,8,16,0.0125,0,127449,24.6592,678.3255,27.5080
3,8,16,0.0500,0,15625,4.8295,254.5678,52.7106
3,8,16,0.2000,0,4489,2.5607,122.7825,47.9487
3,16,1,0.0020,0,3932289,44.5184,41.5688,0.9337
3,16,1,0.0050,0,674041,15.2211,17.8762,1.1744
3,16,1,0.0125,0,127449,2.8884,6.5564,2.2699
3,16,1,0.0500,0,15625,1.0575,2.5535,2.4146
3,16,1,0.2000,0,4489,0.4010,1.5163,3.7816
3,16,2,0.0020,0,3932289,161.3397,146.9717,0.9109
3,16,2,0.0050,0,674041,23.2914,65.8919,2.8290
3,16,2,0.0125,0,127449,6.6501,29.5982,4.4508
3,16,2,0.0500,0,15625,2.0097,10.0915,5.0213
3,16,2,0.2000,0,4489,0.7308,4.7848,6.5473
3,16,4,0.0020,0,3932289,284.9257,600.3337,2.1070
3,16,4,0.0050,0,674041,38.1579,269.1256,7.0529
3,16,4,0.0125,0,127449,9.6676,107.1067,11.0789
3,16,4,0.0500,0,15625,1.3155,38.2082,29.0456
3,16,4,0.2000,0,4489,1.2992,22.2529,17.1275
3,16,8,0.0020,0,3932289,558.3240,2480.1875,4.4422
3,16,8,0.0050,0,674041,64.9777,1033.8809,15.9113
3,16,8,0.0125,0,127449,14.5820,465.2354,31.9048
3,16,8,0.0500,0,15625,3.5853,152.6927,42.5886
3,16,8,0.2000,0,4489,1.2105,73.4103,60.6425
3,16,16,0.0020,0,3932289,1040.4616,10629.9781,10.2166
3,16,16,0.0050,0,674041,151.0702,4477.0895,29.6358
3,16,16,0.0125,0,127449,26.0320,1897.7519,72.9007
3,16,16,0.0500,0,15625,7.9897,644.9716,80.7253
3,16,16,0.2000,0,4489,2.2403,319.4374,142.5848
3,30,1,0.0020,0,3932289,102.8458,105.0080,1.0210
3,30,1,0.0050,0,674041,21.1551,47.0838,2.2256
3,30,1,0.0125,0,127449,4.4148,22.4629,5.0881
3,30,1,0.0500,0,15625,1.8007,6.9940,3.8840
3,30,1,0.2000,0,4489,0.2760,2.6820,9.7158
3,30,2,0.0020,0,3932289,174.2112,402.9806,2.3132
3,30,2,0.0050,0,674041,26.0631,165.4699,6.3488
3,30,2,0.0125,0,127449,5.8130,73.2761,12.6055
3,30,2,0.0500,0,15625,0.9727,27.2302,27.9931
3,30,2,0.2000,0,4489,1.2479,15.3895,12.3321
3,30,4,0.0020,0,3932289,337.0875,1711.0016,5.0758
3,30,4,0.0050,0,674041,42.7805,701.4101,16.3956
3,30,4,0.0125,0,127449,10.3607,307.8644,29.7146
3,30,4,0.0500,0,15625,1.6742,105.9977,63.3121
3,30,4,0.2000,0,4489,1.9612,53.3053,27.1804
3,30,8,0.0020,0,3932289,604.2305,7063.4179,11.6899
3,30,8,0.0050,0,674041,71.0513,3141.0880,44.2087
3,30,8,0.0125,0,127449,18.1897,1209.3854,66.4873
3,30,8,0.0500,0,15625,7.6110,401.3837,52.7373
3,30,8,0.2000,0,4489,2.6788,214.2245,79.9706
3,30,16,0.0020,0,3932289,1039.3657,25826.9944,24.8488
3,30,16,0.0050,0,674041,175.1976,10543.8054,60.1824
3,30,16,0.0125,0,127449,27.1800,4618.4125,169.9198
3,30,16,0.0500,0,15625,11.5952,1604.7869,138.4009
3,30,16,0.2000,0,4489,2.8133,849.9164,302.1030
4,4,1,0.0020,0,7797729087,nan,nan,nan
4,4,1,0.0050,0,553387661,nan,nan,nan
4,4,1,0.0125,0,45499293,nan,nan,nan
4,4,1,0.0500,0,1953125,1.5909,1.5611,0.9812
4,4,1,0.2000,0,300763,1.4505,1.3946,0.9615
4,4,2,0.0020,0,7797729087,nan,nan,nan
4,4,2,0.0050,0,553387661,nan,nan,nan
4,4,2,0.0125,0,45499293,nan,nan,nan
4,4,2,0.0500,0,1953125,5.7923,3.4817,0.6011
4,4,2,0.2000,0,300763,4.1850,4.1835,0.9996
4,4,4,0.0020,0,7797729087,nan,nan,nan
4,4,4,0.0050,0,553387661,nan,nan,nan
4,4,4,0.0125,0,45499293,nan,nan,nan
4,4,4,0.0500,0,1953125,21.0975,19.8750,0.9421
4,4,4,0.2000,0,300763,18.6156,14.0514,0.7548
4,4,8,0.0020,0,7797729087,nan,nan,nan
4,4,8,0.0050,0,553387661,nan,nan,nan
4,4,8,0.0125,0,45499293,nan,nan,nan
4,4,8,0.0500,0,1953125,292.2489,82.5668,0.2825
4,4,8,0.2000,0,300763,36.3682,40.7644,1.1209
4,4,16,0.0020,0,7797729087,nan,nan,nan
4,4,16,0.0050,0,553387661,nan,nan,nan
4,4,16,0.0125,0,45499293,nan,nan,nan
4,4,16,0.0500,0,1953125,543.4016,267.1873,0.4917
4,4,16,0.2000,0,300763,59.6882,137.2881,2.3001
4,8,1,0.0020,0,7797729087,nan,nan,nan
4,8,1,0.0050,0,553387661,nan,nan,nan
4,8,1,0.0125,0,45499293,nan,nan,nan
4,8,1,0.0500,0,1953125,5.5712,5.1549,0.9253
4,8,1,0.2000,0,300763,7.1434,8.2412,1.1537
4,8,2,0.0020,0,7797729087,nan,nan,nan
4,8,2,0.0050,0,553387661,nan,nan,nan
4,8,2,0.0125,0,45499293,nan,nan,nan
4,8,2,0.0500,0,1953125,16.8908,15.1930,0.8995
4,8,2,0.2000,0,300763,12.0191,5.6343,0.4688
4,8,4,0.0020,0,7797729087,nan,nan,nan
4,8,4,0.0050,0,553387661,nan,nan,nan
4,8,4,0.0125,0,45499293,nan,nan,nan
4,8,4,0.0500,0,1953125,138.8037,56.1633,0.4046
4,8,4,0.2000,0,300763,21.3768,18.8349,0.8811
4,8,8,0.0020,0,7797729087,nan,nan,nan
4,8,8,0.0050,0,553387661,nan,nan,nan
4,8,8,0.0125,0,45499293,nan,nan,nan
4,8,8,0.0500,0,1953125,286.8163,220.5510,0.7690
4,8,8,0.2000,0,300763,35.2887,110.1649,3.1218
4,8,16,0.0020,0,7797729087,nan,nan,nan
4,8,16,0.0050,0,553387661,nan,nan,nan
4,8,16,0.0125,0,45499293,nan,nan,nan
4,8,16,0.0500,0,1953125,677.1956,910.7468,1.3449
4,8,16,0.2000,0,300763,59.2609,430.8484,7.2704
4,16,1,0.0020,0,7797729087,nan,nan,nan
4,16,1,0.0050,0,553387661,nan,nan,nan
4,16,1,0.0125,0,45499293,nan,nan,nan
4,16,1,0.0500,0,1953125,9.7300,9.5045,0.9768
4,16,1,0.2000,0,300763,7.6012,6.5665,0.8639
4,16,2,0.0020,0,7797729087,nan,nan,nan
4,16,2,0.0050,0,553387661,nan,nan,nan
4,16,2,0.0125,0,45499293,nan,nan,nan
4,16,2,0.0500,0,1953125,98.2447,47.7617,0.4862
4,16,2,0.2000,0,300763,14.4075,23.7305,1.6471
4,16,4,0.0020,0,7797729087,nan,nan,nan
4,16,4,0.0050,0,553387661,nan,nan,nan
4,16,4,0.0125,0,45499293,nan,nan,nan
4,16,4,0.0500,0,1953125,162.3367,173.0114,1.0658
4,16,4,0.2000,0,300763,26.9022,88.9037,3.3047
4,16,8,0.0020,0,7797729087,nan,nan,nan
4,16,8,0.0050,0,553387661,nan,nan,nan
4,16,8,0.0125,0,45499293,nan,nan,nan
4,16,8,0.0500,0,1953125,272.4835,709.8986,2.6053
4,16,8,0.2000,0,300763,41.2698,335.2425,8.1232
4,16,16,0.0020,0,7797729087,nan,nan,nan
4,16,16,0.0050,0,553387661,nan,nan,nan
4,16,16,0.0125,0,45499293,nan,nan,nan
4,16,16,0.0500,0,1953125,640.5893,2541.4216,3.9673
4,16,16,0.2000,0,300763,63.6060,1260.9477,19.8244
4,30,1,0.0020,0,7797729087,nan,nan,nan
4,30,1,0.0050,0,553387661,nan,nan,nan
4,30,1,0.0125,0,45499293,nan,nan,nan
4,30,1,0.0500,0,1953125,56.2537,19.9693,0.3550
4,30,1,0.2000,0,300763,10.3240,15.5075,1.5021
4,30,2,0.0020,0,7797729087,nan,nan,nan
4,30,2,0.0050,0,553387661,nan,nan,nan
4,30,2,0.0125,0,45499293,nan,nan,nan
4,30,2,0.0500,0,1953125,88.5084,111.6652,1.2616
4,30,2,0.2000,0,300763,14.5128,58.5910,4.0372
4,30,4,0.0020,0,7797729087,nan,nan,nan
4,30,4,0.0050,0,553387661,nan,nan,nan
4,30,4,0.0125,0,45499293,nan,nan,nan
4,30,4,0.0500,0,1953125,138.3760,447.1119,3.2311
4,30,4,0.2000,0,300763,22.5267,211.1739,9.3744
4,30,8,0.0020,0,7797729087,nan,nan,nan
4,30,8,0.0050,0,553387661,nan,nan,nan
4,30,8,0.0125,0,45499293,nan,nan,nan
4,30,8,0.0500,0,1953125,321.7190,1879.5484,5.8422
4,30,8,0.2000,0,300763,37.4866,907.1088,24.1982
4,30,16,0.0020,0,7797729087,nan,nan,nan
4,30,16,0.0050,0,553387661,nan,nan,nan
4,30,16,0.0125,0,45499293,nan,nan,nan
4,30,16,0.0500,0,1953125,645.4301,7422.9620,11.5008
4,30,16,0.2000,0,300763,69.2035,3745.2189,54.1189
CSV_END
