CSV_BEGIN
r,K,N,sigmaOverP,isPer,gridSize,msSpectral,msGrid,ratio
2,4,1,0.0020,1,973,0.1867,1.1061,5.9230
2,4,1,0.0050,1,393,0.1091,0.4546,4.1657
2,4,1,0.0125,1,161,0.0647,0.2461,3.8036
2,4,1,0.0500,1,45,0.0452,0.1679,3.7134
2,4,1,0.2000,1,15,0.0414,0.1665,4.0242
2,4,2,0.0020,1,973,0.3274,4.6555,14.2190
2,4,2,0.0050,1,393,0.1706,1.5064,8.8286
2,4,2,0.0125,1,161,0.1034,0.7146,6.9098
2,4,2,0.0500,1,45,0.0690,0.3223,4.6743
2,4,2,0.2000,1,15,0.0781,0.2991,3.8288
2,4,4,0.0020,1,973,0.6958,18.1373,26.0655
2,4,4,0.0050,1,393,0.3223,8.0025,24.8301
2,4,4,0.0125,1,161,0.1864,3.6337,19.4965
2,4,4,0.0500,1,45,0.1148,1.0626,9.2570
2,4,4,0.2000,1,15,0.0991,0.7591,7.6615
2,4,8,0.0020,1,973,1.2170,85.4986,70.2536
2,4,8,0.0050,1,393,0.6125,29.8502,48.7383
2,4,8,0.0125,1,161,0.3588,13.4744,37.5507
2,4,8,0.0500,1,45,0.2059,3.8437,18.6665
2,4,8,0.2000,1,15,0.1720,3.0303,17.6182
2,4,16,0.0020,1,973,2.5383,279.2210,110.0017
2,4,16,0.0050,1,393,1.2686,118.5096,93.4188
2,4,16,0.0125,1,161,0.6838,52.8258,77.2495
2,4,16,0.0500,1,45,0.3995,16.8725,42.2297
2,4,16,0.2000,1,15,0.3195,12.0682,37.7673
2,8,1,0.0020,1,973,0.4113,4.1984,10.2067
2,8,1,0.0050,1,393,0.1880,1.5350,8.1649
2,8,1,0.0125,1,161,0.1027,0.7375,7.1810
2,8,1,0.0500,1,45,0.0694,0.3089,4.4502
2,8,1,0.2000,1,15,0.0454,0.2650,5.8348
2,8,2,0.0020,1,973,0.8613,18.5191,21.5016
2,8,2,0.0050,1,393,0.3414,7.6306,22.3499
2,8,2,0.0125,1,161,0.1854,2.8516,15.3828
2,8,2,0.0500,1,45,0.1156,0.8890,7.6911
2,8,2,0.2000,1,15,0.0698,0.8857,12.6826
2,8,4,0.0020,1,973,1.7300,74.2016,42.8921
2,8,4,0.0050,1,393,0.7132,31.1573,43.6886
2,8,4,0.0125,1,161,0.3419,13.6903,40.0399
2,8,4,0.0500,1,45,0.1812,3.6307,20.0315
2,8,4,0.2000,1,15,0.1044,2.7004,25.8618
2,8,8,0.0020,1,973,3.5223,285.5039,81.0573
2,8,8,0.0050,1,393,1.5924,118.3237,74.3064
2,8,8,0.0125,1,161,0.6659,49.0914,73.7246
2,8,8,0.0500,1,45,0.3599,15.4052,42.8020
2,8,8,0.2000,1,15,0.1907,10.9259,57.3034
2,8,16,0.0020,1,973,6.4930,1162.0195,178.9638
2,8,16,0.0050,1,393,2.9730,462.9082,155.7041
2,8,16,0.0125,1,161,1.3016,206.6574,158.7739
2,8,16,0.0500,1,45,0.6492,64.6572,99.5875
2,8,16,0.2000,1,15,0.3435,44.9469,130.8337
2,16,1,0.0020,1,973,0.7313,12.8689,17.5975
2,16,1,0.0050,1,393,0.4308,5.5738,12.9371
2,16,1,0.0125,1,161,0.2485,2.1093,8.4881
2,16,1,0.0500,1,45,0.0792,0.8433,10.6414
2,16,1,0.2000,1,15,0.0473,0.8761,18.5254
2,16,2,0.0020,1,973,1.3765,53.1894,38.6422
2,16,2,0.0050,1,393,0.7565,21.5699,28.5112
2,16,2,0.0125,1,161,0.3615,9.1093,25.1958
2,16,2,0.0500,1,45,0.1362,3.0654,22.5119
2,16,2,0.2000,1,15,0.0694,2.6192,37.7538
2,16,4,0.0020,1,973,2.6615,203.8672,76.5974
2,16,4,0.0050,1,393,1.5740,86.0416,54.6628
2,16,4,0.0125,1,161,0.6155,36.1922,58.7972
2,16,4,0.0500,1,45,0.2370,13.2356,55.8562
2,16,4,0.2000,1,15,0.1171,9.5662,81.6752
2,16,8,0.0020,1,973,4.3335,807.1442,186.2551
2,16,8,0.0050,1,393,3.0177,341.5958,113.1986
2,16,8,0.0125,1,161,1.2665,143.8258,113.5654
2,16,8,0.0500,1,45,0.4427,53.1048,119.9544
2,16,8,0.2000,1,15,0.2111,40.0497,189.6967
2,16,16,0.0020,1,973,10.3030,3228.8555,313.3911
2,16,16,0.0050,1,393,5.5859,1352.2731,242.0862
2,16,16,0.0125,1,161,1.9974,582.7717,291.7688
2,16,16,0.0500,1,45,0.8587,218.8405,254.8362
2,16,16,0.2000,1,15,0.4193,153.6060,366.3093
2,30,1,0.0020,1,973,1.1736,35.9109,30.5993
2,30,1,0.0050,1,393,0.6317,15.5240,24.5762
2,30,1,0.0125,1,161,0.3715,6.5300,17.5794
2,30,1,0.0500,1,45,0.0973,2.4226,24.8896
2,30,1,0.2000,1,15,0.0533,2.2530,42.2757
2,30,2,0.0020,1,973,2.2005,138.1667,62.7888
2,30,2,0.0050,1,393,1.1096,58.7650,52.9613
2,30,2,0.0125,1,161,0.7342,25.6429,34.9259
2,30,2,0.0500,1,45,0.1739,10.3365,59.4481
2,30,2,0.2000,1,15,0.0858,7.7640,90.5418
2,30,4,0.0020,1,973,4.2052,555.4159,132.0794
2,30,4,0.0050,1,393,1.9673,243.7728,123.9103
2,30,4,0.0125,1,161,1.3132,104.6402,79.6829
2,30,4,0.0500,1,45,0.3180,44.2589,139.1788
2,30,4,0.2000,1,15,0.1404,31.9807,227.7549
2,30,8,0.0020,1,973,8.3453,2325.5619,278.6689
2,30,8,0.0050,1,393,3.9366,951.0415,241.5906
2,30,8,0.0125,1,161,2.4093,417.3931,173.2401
2,30,8,0.0500,1,45,0.6169,169.7646,275.2010
2,30,8,0.2000,1,15,0.2604,123.8331,475.5205
2,30,16,0.0020,1,973,16.3002,9295.4994,570.2673
2,30,16,0.0050,1,393,7.8133,4007.0740,512.8562
2,30,16,0.0125,1,161,3.0459,1671.1555,548.6543
2,30,16,0.0500,1,45,1.2006,670.8622,558.7608
2,30,16,0.2000,1,15,0.5200,494.9385,951.8047
3,4,1,0.0020,1,946729,4.6272,3.6574,0.7904
3,4,1,0.0050,1,154449,1.6893,1.6488,0.9760
3,4,1,0.0125,1,25921,0.7768,0.9038,1.1634
3,4,1,0.0500,1,2025,0.1113,0.4380,3.9353
3,4,1,0.2000,1,225,0.0750,0.4002,5.3332
3,4,2,0.0020,1,946729,15.4242,14.5560,0.9437
3,4,2,0.0050,1,154449,4.7250,5.8258,1.2330
3,4,2,0.0125,1,25921,1.0706,2.3078,2.1556
3,4,2,0.0500,1,2025,0.1580,0.8123,5.1395
3,4,2,0.2000,1,225,0.1095,0.5759,5.2611
3,4,4,0.0020,1,946729,55.4888,56.1097,1.0112
3,4,4,0.0050,1,154449,7.0499,22.9513,3.2556
3,4,4,0.0125,1,25921,1.6020,8.9360,5.5779
3,4,4,0.0500,1,2025,0.2642,2.6389,9.9896
3,4,4,0.2000,1,225,0.1698,1.5899,9.3613
3,4,8,0.0020,1,946729,75.3322,222.0468,2.9476
3,4,8,0.0050,1,154449,12.2070,91.8228,7.5221
3,4,8,0.0125,1,25921,2.6721,36.2433,13.5635
3,4,8,0.0500,1,2025,0.4738,9.9942,21.0942
3,4,8,0.2000,1,225,0.2956,6.7731,22.9112
3,4,16,0.0020,1,946729,137.9702,910.5723,6.5998
3,4,16,0.0050,1,154449,21.6898,377.5962,17.4089
3,4,16,0.0125,1,25921,5.2928,159.0261,30.0458
3,4,16,0.0500,1,2025,1.0025,43.9215,43.8120
3,4,16,0.2000,1,225,0.6018,23.4326,38.9354
3,8,1,0.0020,1,946729,12.7282,13.8630,1.0892
3,8,1,0.0050,1,154449,3.8148,5.8581,1.5356
3,8,1,0.0125,1,25921,1.0747,2.2323,2.0772
3,8,1,0.0500,1,2025,0.1347,1.0549,7.8336
3,8,1,0.2000,1,225,0.0765,0.5306,6.9320
3,8,2,0.0020,1,946729,52.9675,54.9905,1.0382
3,8,2,0.0050,1,154449,4.9762,20.1072,4.0407
3,8,2,0.0125,1,25921,1.2053,7.7689,6.4459
3,8,2,0.0500,1,2025,0.2162,3.0255,13.9933
3,8,2,0.2000,1,225,0.1202,1.9583,16.2905
3,8,4,0.0020,1,946729,47.6445,219.0785,4.5982
3,8,4,0.0050,1,154449,7.5348,87.8657,11.6613
3,8,4,0.0125,1,25921,2.3634,35.8252,15.1582
3,8,4,0.0500,1,2025,0.3841,9.9511,25.9060
3,8,4,0.2000,1,225,0.1871,5.8749,31.3955
3,8,8,0.0020,1,946729,77.3543,876.4671,11.3306
3,8,8,0.0050,1,154449,14.2059,348.7047,24.5464
3,8,8,0.0125,1,25921,3.7490,148.1770,39.5249
3,8,8,0.0500,1,2025,0.9089,41.0048,45.1139
3,8,8,0.2000,1,225,0.3348,20.0447,59.8645
3,8,16,0.0020,1,946729,143.1960,3536.3122,24.6956
3,8,16,0.0050,1,154449,25.8427,1451.6897,56.1741
3,8,16,0.0125,1,25921,6.1983,601.6336,97.0638
3,8,16,0.0500,1,2025,1.5608,179.6455,115.0958
3,8,16,0.2000,1,225,0.6398,86.0163,134.4444
3,16,1,0.0020,1,946729,37.0560,37.3525,1.0080
3,16,1,0.0050,1,154449,3.4688,15.6210,4.5032
3,16,1,0.0125,1,25921,0.8779,6.0313,6.8700
3,16,1,0.0500,1,2025,0.1604,2.5493,15.8917
3,16,1,0.2000,1,225,0.0761,1.9517,25.6377
3,16,2,0.0020,1,946729,32.8209,154.7329,4.7145
3,16,2,0.0050,1,154449,5.3499,60.7744,11.3600
3,16,2,0.0125,1,25921,1.3856,25.8972,18.6899
3,16,2,0.0500,1,2025,0.2566,7.2112,28.1000
3,16,2,0.2000,1,225,0.1248,5.2885,42.3924
3,16,4,0.0020,1,946729,49.1902,610.5989,12.4130
3,16,4,0.0050,1,154449,8.9618,252.2859,28.1514
3,16,4,0.0125,1,25921,2.5802,106.0600,41.1059
3,16,4,0.0500,1,2025,0.4361,32.5940,74.7428
3,16,4,0.2000,1,225,0.2133,17.7078,83.0052
3,16,8,0.0020,1,946729,80.3998,2460.3965,30.6020
3,16,8,0.0050,1,154449,15.1565,1003.4345,66.2047
3,16,8,0.0125,1,25921,4.7245,426.6467,90.3052
3,16,8,0.0500,1,2025,1.0508,133.2460,126.8055
3,16,8,0.2000,1,225,0.3774,70.1654,185.9301
3,16,16,0.0020,1,946729,148.3226,9899.6169,66.7438
3,16,16,0.0050,1,154449,26.9856,4505.3038,166.9522
3,16,16,0.0125,1,25921,8.4302,1718.8596,203.8939
3,16,16,0.0500,1,2025,1.8154,541.2887,298.1691
3,16,16,0.2000,1,225,0.7214,276.5980,383.4093
3,30,1,0.0020,1,946729,23.7365,107.4177,4.5254
3,30,1,0.0050,1,154449,4.2681,45.0291,10.5502
3,30,1,0.0125,1,25921,1.6427,19.2127,11.6957
3,30,1,0.0500,1,2025,0.1894,6.4657,34.1426
3,30,1,0.2000,1,225,0.0916,3.2855,35.8741
3,30,2,0.0020,1,946729,34.4726,419.5439,12.1704
3,30,2,0.0050,1,154449,7.2414,179.1132,24.7346
3,30,2,0.0125,1,25921,2.9033,75.4365,25.9827
3,30,2,0.0500,1,2025,0.3235,24.3849,75.3880
3,30,2,0.2000,1,225,0.1450,13.5634,93.5405
3,30,4,0.0020,1,946729,51.1759,1666.2332,32.5590
3,30,4,0.0050,1,154449,10.3006,692.3102,67.2108
3,30,4,0.0125,1,25921,5.0683,291.7917,57.5715
3,30,4,0.0500,1,2025,0.6032,101.9168,168.9580
3,30,4,0.2000,1,225,0.2499,52.8948,211.6852
3,30,8,0.0020,1,946729,85.7166,6822.7617,79.5968
3,30,8,0.0050,1,154449,18.1562,2864.5013,157.7694
3,30,8,0.0125,1,25921,9.2728,1208.0274,130.2760
3,30,8,0.0500,1,2025,1.3514,427.0139,315.9750
3,30,8,0.2000,1,225,0.4674,217.1940,464.6687
3,30,16,0.0020,1,946729,164.1644,27453.1575,167.2296
3,30,16,0.0050,1,154449,31.9205,11266.8175,352.9649
3,30,16,0.0125,1,25921,16.6543,4710.8999,282.8633
3,30,16,0.0500,1,2025,2.3458,1615.0830,688.5022
3,30,16,0.2000,1,225,0.8696,889.2772,1022.5985
4,4,1,0.0020,1,921167317,nan,nan,nan
4,4,1,0.0050,1,60698457,nan,nan,nan
4,4,1,0.0125,1,4173281,nan,nan,nan
4,4,1,0.0500,1,91125,1.5498,1.5443,0.9964
4,4,1,0.2000,1,3375,0.1903,1.3591,7.1424
4,4,2,0.0020,1,921167317,nan,nan,nan
4,4,2,0.0050,1,60698457,nan,nan,nan
4,4,2,0.0125,1,4173281,nan,nan,nan
4,4,2,0.0500,1,91125,3.5187,4.1460,1.1783
4,4,2,0.2000,1,3375,0.2753,1.9080,6.9320
4,4,4,0.0020,1,921167317,nan,nan,nan
4,4,4,0.0050,1,60698457,nan,nan,nan
4,4,4,0.0125,1,4173281,nan,nan,nan
4,4,4,0.0500,1,91125,5.4867,14.2460,2.5965
4,4,4,0.2000,1,3375,0.4375,8.0769,18.4597
4,4,8,0.0020,1,921167317,nan,nan,nan
4,4,8,0.0050,1,60698457,nan,nan,nan
4,4,8,0.0125,1,4173281,nan,nan,nan
4,4,8,0.0500,1,91125,9.6127,53.9231,5.6096
4,4,8,0.2000,1,3375,0.8084,25.0842,31.0305
4,4,16,0.0020,1,921167317,nan,nan,nan
4,4,16,0.0050,1,60698457,nan,nan,nan
4,4,16,0.0125,1,4173281,nan,nan,nan
4,4,16,0.0500,1,91125,16.7880,204.5509,12.1844
4,4,16,0.2000,1,3375,1.5630,83.2305,53.2519
4,8,1,0.0020,1,921167317,nan,nan,nan
4,8,1,0.0050,1,60698457,nan,nan,nan
4,8,1,0.0125,1,4173281,nan,nan,nan
4,8,1,0.0500,1,91125,2.7750,4.2788,1.5419
4,8,1,0.2000,1,3375,0.1987,1.6938,8.5260
4,8,2,0.0020,1,921167317,nan,nan,nan
4,8,2,0.0050,1,60698457,nan,nan,nan
4,8,2,0.0125,1,4173281,nan,nan,nan
4,8,2,0.0500,1,91125,3.7474,12.2192,3.2607
4,8,2,0.2000,1,3375,0.2848,7.5415,26.4810
4,8,4,0.0020,1,921167317,nan,nan,nan
4,8,4,0.0050,1,60698457,nan,nan,nan
4,8,4,0.0125,1,4173281,nan,nan,nan
4,8,4,0.0500,1,91125,6.1213,38.7488,6.3301
4,8,4,0.2000,1,3375,0.4627,24.2927,52.5058
4,8,8,0.0020,1,921167317,nan,nan,nan
4,8,8,0.0050,1,60698457,nan,nan,nan
4,8,8,0.0125,1,4173281,nan,nan,nan
4,8,8,0.0500,1,91125,9.4151,153.9670,16.3532
4,8,8,0.2000,1,3375,0.8310,63.2837,76.1498
4,8,16,0.0020,1,921167317,nan,nan,nan
4,8,16,0.0050,1,60698457,nan,nan,nan
4,8,16,0.0125,1,4173281,nan,nan,nan
4,8,16,0.0500,1,91125,17.1579,651.8993,37.9941
4,8,16,0.2000,1,3375,1.7496,274.9560,157.1552
4,16,1,0.0020,1,921167317,nan,nan,nan
4,16,1,0.0050,1,60698457,nan,nan,nan
4,16,1,0.0125,1,4173281,nan,nan,nan
4,16,1,0.0500,1,91125,2.8282,9.1041,3.2190
4,16,1,0.2000,1,3375,0.1893,5.9772,31.5768
4,16,2,0.0020,1,921167317,nan,nan,nan
4,16,2,0.0050,1,60698457,nan,nan,nan
4,16,2,0.0125,1,4173281,nan,nan,nan
4,16,2,0.0500,1,91125,3.8316,29.5155,7.7031
4,16,2,0.2000,1,3375,0.2930,13.5121,46.1099
4,16,4,0.0020,1,921167317,nan,nan,nan
4,16,4,0.0050,1,60698457,nan,nan,nan
4,16,4,0.0125,1,4173281,nan,nan,nan
4,16,4,0.0500,1,91125,5.8456,110.9083,18.9730
4,16,4,0.2000,1,3375,0.4885,51.3979,105.2248
4,16,8,0.0020,1,921167317,nan,nan,nan
4,16,8,0.0050,1,60698457,nan,nan,nan
4,16,8,0.0125,1,4173281,nan,nan,nan
4,16,8,0.0500,1,91125,9.6207,498.1340,51.7773
4,16,8,0.2000,1,3375,0.8860,197.7722,223.2295
4,16,16,0.0020,1,921167317,nan,nan,nan
4,16,16,0.0050,1,60698457,nan,nan,nan
4,16,16,0.0125,1,4173281,nan,nan,nan
4,16,16,0.0500,1,91125,17.4208,1946.9114,111.7577
4,16,16,0.2000,1,3375,1.8742,802.5578,428.2021
4,30,1,0.0020,1,921167317,nan,nan,nan
4,30,1,0.0050,1,60698457,nan,nan,nan
4,30,1,0.0125,1,4173281,nan,nan,nan
4,30,1,0.0500,1,91125,2.6675,21.6149,8.1032
4,30,1,0.2000,1,3375,0.2104,12.4550,59.2040
4,30,2,0.0020,1,921167317,nan,nan,nan
4,30,2,0.0050,1,60698457,nan,nan,nan
4,30,2,0.0125,1,4173281,nan,nan,nan
4,30,2,0.0500,1,91125,4.0664,87.2498,21.4564
4,30,2,0.2000,1,3375,0.3315,36.6757,110.6356
4,30,4,0.0020,1,921167317,nan,nan,nan
4,30,4,0.0050,1,60698457,nan,nan,nan
4,30,4,0.0125,1,4173281,nan,nan,nan
4,30,4,0.0500,1,91125,6.2087,350.0173,56.3756
4,30,4,0.2000,1,3375,0.5466,140.1065,256.3315
4,30,8,0.0020,1,921167317,nan,nan,nan
4,30,8,0.0050,1,60698457,nan,nan,nan
4,30,8,0.0125,1,4173281,nan,nan,nan
4,30,8,0.0500,1,91125,10.6761,1503.2213,140.8027
4,30,8,0.2000,1,3375,1.0136,676.7753,667.6782
4,30,16,0.0020,1,921167317,nan,nan,nan
4,30,16,0.0050,1,60698457,nan,nan,nan
4,30,16,0.0125,1,4173281,nan,nan,nan
4,30,16,0.0500,1,91125,19.8797,5773.2827,290.4115
4,30,16,0.2000,1,3375,2.1214,2381.2158,1122.4653
2,4,1,0.0020,0,1983,0.6851,0.6635,0.9686
2,4,1,0.0050,0,821,0.3518,0.2482,0.7056
2,4,1,0.0125,0,357,0.0878,0.4222,4.8092
2,4,1,0.0500,0,125,0.0625,0.1622,2.5929
2,4,1,0.2000,0,67,0.0565,0.1589,2.8099
2,4,2,0.0020,0,1983,1.4330,3.3462,2.3351
2,4,2,0.0050,0,821,0.4664,1.0920,2.3413
2,4,2,0.0125,0,357,0.1468,0.6762,4.6069
2,4,2,0.0500,0,125,0.0990,0.2433,2.4590
2,4,2,0.2000,0,67,0.0858,0.4210,4.9073
2,4,4,0.0020,0,1983,2.4733,13.0222,5.2652
2,4,4,0.0050,0,821,0.5403,6.6464,12.3025
2,4,4,0.0125,0,357,0.2830,3.7039,13.0898
2,4,4,0.0500,0,125,0.1614,1.1659,7.2249
2,4,4,0.2000,0,67,0.1343,0.6072,4.5233
2,4,8,0.0020,0,1983,4.9841,56.2882,11.2935
2,4,8,0.0050,0,821,1.8420,24.5255,13.3146
2,4,8,0.0125,0,357,0.5916,9.4965,16.0527
2,4,8,0.0500,0,125,0.3057,3.6934,12.0797
2,4,8,0.2000,0,67,0.2374,3.0924,13.0276
2,4,16,0.0020,0,1983,8.5938,202.2595,23.5355
2,4,16,0.0050,0,821,2.9890,84.7991,28.3708
2,4,16,0.0125,0,357,1.1638,37.3313,32.0762
2,4,16,0.0500,0,125,0.6009,14.0997,23.4653
2,4,16,0.2000,0,67,0.4760,8.3073,17.4523
2,8,1,0.0020,0,1983,1.0645,2.6934,2.5302
2,8,1,0.0050,0,821,0.7283,1.1700,1.6066
2,8,1,0.0125,0,357,0.3765,0.5114,1.3585
2,8,1,0.0500,0,125,0.1058,0.2263,2.1403
2,8,1,0.2000,0,67,0.0790,0.3968,5.0253
2,8,2,0.0020,0,1983,1.8894,10.3123,5.4580
2,8,2,0.0050,0,821,0.8345,4.0432,4.8450
2,8,2,0.0125,0,357,0.4881,1.7949,3.6771
2,8,2,0.0500,0,125,0.1651,0.9273,5.6159
2,8,2,0.2000,0,67,0.1250,0.5186,4.1487
2,8,4,0.0020,0,1983,3.5241,49.8742,14.1524
2,8,4,0.0050,0,821,2.3868,21.1538,8.8630
2,8,4,0.0125,0,357,0.8251,8.6348,10.4648
2,8,4,0.0500,0,125,0.3191,2.7758,8.6994
2,8,4,0.2000,0,67,0.2167,1.7030,7.8598
2,8,8,0.0020,0,1983,7.2560,177.8397,24.5095
2,8,8,0.0050,0,821,5.3183,76.6193,14.4066
2,8,8,0.0125,0,357,1.1932,36.9779,30.9914
2,8,8,0.0500,0,125,0.5735,12.1018,21.1017
2,8,8,0.2000,0,67,0.4259,6.5782,15.4448
2,8,16,0.0020,0,1983,13.2471,783.7978,59.1674
2,8,16,0.0050,0,821,9.7412,328.8150,33.7550
2,8,16,0.0125,0,357,3.9770,147.6738,37.1320
2,8,16,0.0500,0,125,1.1316,52.8844,46.7332
2,8,16,0.2000,0,67,0.8016,24.9873,31.1724
2,16,1,0.0020,0,1983,1.5908,8.0369,5.0522
2,16,1,0.0050,0,821,0.9942,4.1452,4.1695
2,16,1,0.0125,0,357,0.7962,1.5477,1.9438
2,16,1,0.0500,0,125,0.1285,0.7568,5.8898
2,16,1,0.2000,0,67,0.0990,0.6353,6.4144
2,16,2,0.0020,0,1983,3.2668,36.3821,11.1369
2,16,2,0.0050,0,821,1.6720,13.7811,8.2421
2,16,2,0.0125,0,357,1.4130,7.4482,5.2713
2,16,2,0.0500,0,125,0.2240,2.2497,10.0452
2,16,2,0.2000,0,67,0.1607,1.2497,7.7783
2,16,4,0.0020,0,1983,5.9767,137.9512,23.0813
2,16,4,0.0050,0,821,2.6720,55.0933,20.6184
2,16,4,0.0125,0,357,2.5534,24.1052,9.4404
2,16,4,0.0500,0,125,0.4427,8.7671,19.8014
2,16,4,0.2000,0,67,0.2969,4.8652,16.3856
2,16,8,0.0020,0,1983,10.9209,517.5127,47.3873
2,16,8,0.0050,0,821,5.7384,230.7355,40.2089
2,16,8,0.0125,0,357,4.5995,103.4802,22.4982
2,16,8,0.0500,0,125,0.8585,36.1569,42.1184
2,16,8,0.2000,0,67,0.5620,18.4453,32.8185
2,16,16,0.0020,0,1983,20.8454,2078.5568,99.7129
2,16,16,0.0050,0,821,11.0308,942.3630,85.4299
2,16,16,0.0125,0,357,7.3465,422.8222,57.5546
2,16,16,0.0500,0,125,1.6665,155.2485,93.1561
2,16,16,0.2000,0,67,1.0962,81.5859,74.4227
2,30,1,0.0020,0,1983,2.4008,25.8725,10.7769
2,30,1,0.0050,0,821,1.2575,11.0059,8.7522
2,30,1,0.0125,0,357,0.8277,5.0125,6.0558
2,30,1,0.0500,0,125,0.4285,1.7490,4.0812
2,30,1,0.2000,0,67,0.1216,1.6738,13.7667
2,30,2,0.0020,0,1983,4.9208,96.6403,19.6393
2,30,2,0.0050,0,821,2.2070,36.2221,16.4127
2,30,2,0.0125,0,357,1.1595,16.2900,14.0497
2,30,2,0.0500,0,125,0.3233,7.0006,21.6514
2,30,2,0.2000,0,67,0.2164,3.8645,17.8602
2,30,4,0.0020,0,1983,9.4995,365.0482,38.4281
2,30,4,0.0050,0,821,4.2136,156.7053,37.1905
2,30,4,0.0125,0,357,2.5688,66.6517,25.9467
2,30,4,0.0500,0,125,0.6164,23.9413,38.8422
2,30,4,0.2000,0,67,0.4142,12.6436,30.5278
2,30,8,0.0020,0,1983,17.2264,1396.2776,81.0544
2,30,8,0.0050,0,821,8.5246,591.7460,69.4161
2,30,8,0.0125,0,357,4.9598,260.1349,52.4492
2,30,8,0.0500,0,125,1.8791,94.0496,50.0497
2,30,8,0.2000,0,67,0.8011,50.7973,63.4108
